{
  "advancedEditorSelectedIdentifier" : "BehaviorsPluginID",
  "openSceneRelativePaths" : [
    "Immersive.usda",
    "Volumetric.usda",
    "Untitled Scene.usda"
  ],
  "recentIdentifiers" : {
    "173991DD-36C2-46D8-902D-B32F7EB13E4C" : [

    ],
    "AF09ED6F-1707-48FD-8720-65B998362C09" : [

    ]
  },
  "sceneCameraHistory" : {
    "173991DD-36C2-46D8-902D-B32F7EB13E4C" : [
      {
        "date" : 771130398.661032,
        "title" : "Untitled",
        "transform" : [
          0.9971579,
          8.778618e-10,
          0.0753405,
          0,
          0.025365511,
          0.9416197,
          -0.3357214,
          0,
          -0.07094211,
          0.33667836,
          0.93894356,
          0,
          -0.2953468,
          0.20390075,
          1.9615517,
          1
        ]
      },
      {
        "date" : 771130218.760236,
        "title" : "Untitled",
        "transform" : [
          0.9971579,
          8.778618e-10,
          0.0753405,
          0,
          0.025365515,
          0.9416198,
          -0.33572143,
          0,
          -0.07094211,
          0.33667836,
          0.93894356,
          0,
          -0.1370167,
          0.6502564,
          1.8134638,
          1
        ]
      }
    ],
    "AF09ED6F-1707-48FD-8720-65B998362C09" : [
      {
        "date" : 771223608.830392,
        "title" : "Untitled",
        "transform" : [
          0.15235722,
          5.7776087e-06,
          -0.9883255,
          0,
          -0.6851355,
          0.7207185,
          -0.10561414,
          0,
          0.7123038,
          0.69322777,
          0.10981063,
          0,
          0.6881369,
          1.0193679,
          -0.08306043,
          1
        ]
      },
      {
        "date" : 771223581.862472,
        "title" : "Untitled",
        "transform" : [
          0.15235724,
          5.7776097e-06,
          -0.9883256,
          0,
          -0.6851355,
          0.7207185,
          -0.10561414,
          0,
          0.7123038,
          0.69322777,
          0.10981063,
          0,
          0.8216546,
          0.854122,
          0.09404422,
          1
        ]
      },
      {
        "date" : 771223504.814322,
        "title" : "Untitled",
        "transform" : [
          0.21930167,
          5.7776097e-06,
          -0.97565717,
          0,
          -0.67635363,
          0.7207185,
          -0.15202194,
          0,
          0.7031732,
          0.69322777,
          0.15805867,
          0,
          0.7423807,
          0.78706,
          0.13820001,
          1
        ]
      },
      {
        "date" : 771223502.11447,
        "title" : "Untitled",
        "transform" : [
          0.23147696,
          5.7776097e-06,
          -0.9728404,
          0,
          -0.67440104,
          0.7207185,
          -0.1604622,
          0,
          0.70114315,
          0.69322777,
          0.16683361,
          0,
          1.0886697,
          1.1314318,
          0.2306488,
          1
        ]
      },
      {
        "date" : 771129616.270042,
        "title" : "Untitled",
        "transform" : [
          0.23147696,
          5.7776097e-06,
          -0.9728404,
          0,
          -0.67440104,
          0.7207185,
          -0.1604622,
          0,
          0.70114315,
          0.69322777,
          0.16683361,
          0,
          0.5427809,
          0.66145456,
          0.049174346,
          1
        ]
      },
      {
        "date" : 771129604.486926,
        "title" : "Untitled",
        "transform" : [
          0.24499217,
          5.7776097e-06,
          -0.9695251,
          0,
          -0.67210275,
          0.7207185,
          -0.16983134,
          0,
          0.69875365,
          0.69322777,
          0.17657426,
          0,
          0.42952234,
          0.40010744,
          0.12358497,
          1
        ]
      },
      {
        "date" : 771050067.257446,
        "title" : "Untitled",
        "transform" : [
          0.24499217,
          5.7776097e-06,
          -0.9695251,
          0,
          -0.67210275,
          0.7207185,
          -0.16983134,
          0,
          0.69875365,
          0.69322777,
          0.17657426,
          0,
          0.5422952,
          0.23225212,
          0.33630878,
          1
        ]
      },
      {
        "date" : 771050065.925964,
        "title" : "Untitled",
        "transform" : [
          0.24497423,
          2.4979823e-05,
          -0.9695295,
          0,
          -0.67210925,
          0.7207185,
          -0.1698055,
          0,
          0.69875365,
          0.69322777,
          0.17657426,
          0,
          0.5422952,
          0.23225212,
          0.33630878,
          1
        ]
      },
      {
        "date" : 771050003.177244,
        "title" : "Untitled",
        "transform" : [
          0.5456565,
          -5.5643715e-05,
          -0.8380089,
          0,
          -0.79003936,
          0.33344433,
          -0.514444,
          0,
          0.27945796,
          0.94276977,
          0.18190211,
          0,
          0.22735721,
          0.49338946,
          0.3992415,
          1
        ]
      },
      {
        "date" : 771050001.026319,
        "title" : "Untitled",
        "transform" : [
          0.608961,
          -7.614834e-05,
          -0.7932001,
          0,
          -0.7290304,
          0.39397022,
          -0.559734,
          0,
          0.31253985,
          0.9191232,
          0.23985697,
          0,
          0.21361768,
          0.4622076,
          0.43374902,
          1
        ]
      }
    ],
    "DEEBA807-06CD-48E3-A412-7C84363DCB52" : [
      {
        "date" : 771223647.573522,
        "title" : "Untitled",
        "transform" : [
          1,
          0,
          0,
          0,
          0,
          0.7071069,
          -0.7071067,
          0,
          0,
          0.7071067,
          0.7071069,
          0,
          0.06117922,
          0.9490136,
          1.1664515,
          1
        ]
      }
    ]
  },
  "sceneViewportBackgroundColors" : {

  },
  "selectedSceneRelativePath" : "Untitled Scene.usda"
}