{
  "advancedEditorSelectedIdentifier" : "BehaviorsPluginID",
  "openSceneRelativePaths" : [
    "Immersive.usda"
  ],
  "recentIdentifiers" : {
    "AF09ED6F-1707-48FD-8720-65B998362C09" : [

    ]
  },
  "sceneCameraHistory" : {
    "AF09ED6F-1707-48FD-8720-65B998362C09" : [
      {
        "date" : 771050067.257446,
        "title" : "Untitled",
        "transform" : [
          0.24499217,
          5.7776097e-06,
          -0.9695251,
          0,
          -0.67210275,
          0.7207185,
          -0.16983134,
          0,
          0.69875365,
          0.69322777,
          0.17657426,
          0,
          0.5422952,
          0.23225212,
          0.33630878,
          1
        ]
      },
      {
        "date" : 771050065.925964,
        "title" : "Untitled",
        "transform" : [
          0.24497423,
          2.4979823e-05,
          -0.9695295,
          0,
          -0.67210925,
          0.7207185,
          -0.1698055,
          0,
          0.69875365,
          0.69322777,
          0.17657426,
          0,
          0.5422952,
          0.23225212,
          0.33630878,
          1
        ]
      },
      {
        "date" : 771050003.177244,
        "title" : "Untitled",
        "transform" : [
          0.5456565,
          -5.5643715e-05,
          -0.8380089,
          0,
          -0.79003936,
          0.33344433,
          -0.514444,
          0,
          0.27945796,
          0.94276977,
          0.18190211,
          0,
          0.22735721,
          0.49338946,
          0.3992415,
          1
        ]
      },
      {
        "date" : 771050001.026319,
        "title" : "Untitled",
        "transform" : [
          0.608961,
          -7.614834e-05,
          -0.7932001,
          0,
          -0.7290304,
          0.39397022,
          -0.559734,
          0,
          0.31253985,
          0.9191232,
          0.23985697,
          0,
          0.21361768,
          0.4622076,
          0.43374902,
          1
        ]
      },
      {
        "date" : 771049836.50799,
        "title" : "Untitled",
        "transform" : [
          0.37035906,
          -1.3349399e-05,
          -0.9288887,
          0,
          -0.7614065,
          0.5727943,
          -0.30359012,
          0,
          0.53206617,
          0.8196991,
          0.21212938,
          0,
          0.42311466,
          0.35379758,
          0.38706332,
          1
        ]
      },
      {
        "date" : 771049744.746763,
        "title" : "Untitled",
        "transform" : [
          0.3703677,
          -1.9856778e-05,
          -0.9288852,
          0,
          -0.76140225,
          0.5727943,
          -0.30360067,
          0,
          0.53206617,
          0.8196991,
          0.21212938,
          0,
          0.42311466,
          0.35379758,
          0.38706332,
          1
        ]
      },
      {
        "date" : 771049722.89704,
        "title" : "Untitled",
        "transform" : [
          -0.071479194,
          -1.5687036e-09,
          -0.9974421,
          0,
          -0.6695199,
          0.74124295,
          0.047979467,
          0,
          0.73934686,
          0.6712368,
          -0.052983444,
          0,
          0.65240705,
          0.21795306,
          0.15048403,
          1
        ]
      },
      {
        "date" : 771049646.99861,
        "title" : "Untitled",
        "transform" : [
          0.25014994,
          1.2663418e-07,
          -0.96820706,
          0,
          -0.7018664,
          0.6888399,
          -0.18133697,
          0,
          0.6669397,
          0.7249135,
          0.17231335,
          0,
          0.54819715,
          0.301787,
          0.09083404,
          1
        ]
      },
      {
        "date" : 771049640.616724,
        "title" : "Untitled",
        "transform" : [
          0.26448303,
          1.1628825e-06,
          -0.96439034,
          0,
          -0.668508,
          0.720753,
          -0.18333675,
          0,
          0.69508696,
          0.69319206,
          0.19062771,
          0,
          0.557471,
          0.27554154,
          0.10230745,
          1
        ]
      },
      {
        "date" : 771049627.71538,
        "title" : "Untitled",
        "transform" : [
          0.959836,
          -1.5528707e-08,
          -0.28056172,
          0,
          -0.20434073,
          0.6852295,
          -0.6990747,
          0,
          0.19224916,
          0.7283272,
          0.65770787,
          0,
          0.12089521,
          0.3047065,
          0.47021994,
          1
        ]
      }
    ]
  },
  "sceneViewportBackgroundColors" : {

  }
}